100 90 80 70 60 50 40 30 20 10 0 -10 -20 -30 -40 -50 -60 -70 -80 -90 -100 
90 80.9046 71.7819 62.742 53.6982 44.6859 35.7141 26.7599 17.8308 8.9002 -0.0206886 -8.94502 -17.8789 -26.8284 -35.7965 -44.7871 -53.7982 -62.8303 -71.8772 -80.936 -90 
80 71.8439 63.6904 55.5836 47.5119 39.4919 31.5264 23.6006 15.7107 7.83374 -0.030852 -7.90047 -15.7844 -23.6956 -31.6406 -39.6249 -47.6482 -55.7044 -63.7865 -71.8883 -80 
70 62.7945 55.6078 48.4547 41.3616 34.3353 27.3767 20.4775 13.6191 6.78906 -0.0309681 -6.85437 -13.6993 -20.5795 -27.5077 -34.4916 -41.5233 -48.6031 -55.7142 -62.8504 -70 
60 53.7734 47.5327 41.3479 35.2359 29.2064 23.2581 17.3814 11.5566 5.77994 -0.0152968 -5.81636 -11.6432 -17.5127 -23.4362 -29.418 -35.4649 -41.5517 -47.6799 -53.8328 -60 
50 44.7823 39.5768 34.4123 29.3121 24.2882 19.3395 14.458 9.62412 4.81855 0.0206246 -4.78883 -9.62521 -14.5023 -19.4344 -24.4258 -29.4684 -34.5621 -39.687 -44.8376 -50 
40 35.8243 31.6634 27.5267 23.4477 19.4333 15.4855 11.5917 7.74144 3.90807 0.0784358 -3.76565 -7.63528 -11.5428 -15.4931 -19.4926 -23.5384 -27.62 -31.7325 -35.8613 -40 
30 26.9222 23.8009 20.709 17.6623 14.6621 11.7126 8.79912 5.91898 3.04049 0.160809 -2.73814 -5.65771 -8.60478 -11.5843 -14.5976 -17.6416 -20.7109 -23.8035 -26.8994 -30 
20 18.0688 16.1317 14.1754 12.2126 10.2426 8.26747 6.28444 4.29535 2.29203 0.277624 -1.74898 -3.78194 -5.81861 -7.85718 -9.893 -11.9265 -13.9552 -15.9776 -17.9922 -20 
10 9.27551 8.52187 7.72125 6.85677 5.91671 4.9118 3.8498 2.73603 1.58473 0.411449 -0.766926 -1.93338 -3.07466 -4.18153 -5.24677 -6.26746 -7.24683 -8.19083 -9.10326 -10 
0 0.51268 0.989059 1.37205 1.61423 1.69916 1.65626 1.504 1.24628 0.918155 0.556294 0.19742 -0.1275 -0.389375 -0.57329 -0.66665 -0.671832 -0.592089 -0.440284 -0.235189 0 
-10 -8.21442 -6.45143 -4.84829 -3.47929 -2.41532 -1.50659 -0.740387 -0.170499 0.290453 0.70409 1.12952 1.61773 2.2197 2.95034 3.83569 4.85412 6.00601 7.2669 8.61188 10 
-20 -16.9233 -13.7397 -10.8405 -8.29281 -6.39429 -4.5477 -2.80212 -1.48006 -0.288395 0.842615 2.00183 3.25051 4.70269 6.32427 8.21344 10.2572 12.5068 14.9003 17.4172 20 
-30 -25.7472 -21.512 -17.5331 -13.9322 -10.7868 -7.95846 -5.40854 -3.1483 -1.05853 0.967035 3.04198 5.23556 7.62895 10.2328 13.0943 16.1527 19.4199 22.8438 26.3895 30 
-40 -34.5663 -29.0437 -23.8734 -19.148 -14.9092 -11.1341 -7.75318 -4.66909 -1.76896 1.05841 4.00009 7.09564 10.4248 13.9968 17.8751 21.9479 26.267 30.7367 35.3345 40 
-50 -43.5074 -37.009 -30.8225 -25.0844 -19.8432 -15.0748 -10.7058 -6.6546 -2.79672 1.0685 5.01722 9.12954 13.4595 18.0383 22.8952 27.9738 33.2806 38.7489 44.3417 50 
-60 -52.4909 -44.7151 -37.3714 -30.5794 -24.3618 -18.6719 -13.3838 -8.49305 -3.83801 0.994882 5.94529 11.0457 16.389 21.9755 27.8328 33.9256 40.2388 46.7207 53.3285 60 
-70 -61.7916 -53.5742 -45.6067 -38.0201 -30.8289 -24.0464 -17.5577 -11.3627 -5.26144 0.81479 7.00839 13.3209 19.806 26.4813 33.3629 40.4287 47.6599 55.0263 62.4885 70 
-80 -71.1411 -62.2319 -53.5422 -45.1242 -37.0039 -29.1817 -21.5446 -14.1535 -6.71891 0.5537 7.96487 15.5031 23.1054 30.8793 38.7998 46.8522 55.0152 63.2853 71.6247 80 
-90 -80.5712 -71.1547 -61.8273 -52.6257 -43.5632 -34.6368 -25.8131 -17.0835 -8.37164 0.304379 9.00894 17.7772 26.5832 35.461 44.4136 53.4363 62.519 71.6504 80.8164 90 
-100 -90 -80 -70 -60 -50 -40 -30 -20 -10 0 10 20 30 40 50 60 70 80 90 100 
